11|19
11|22
11|25
11|31
11|32
11|34
11|35
11|41
11|45
11|46
11|54
11|66
11|67
11|71
11|72
11|74
11|76
11|83
11|84
11|88
11|91
11|96
11|98
11|99
12|11
12|13
12|27
12|28
12|36
12|38
12|41
12|54
12|55
12|63
12|67
12|72
12|75
12|78
12|81
12|82
12|84
12|85
12|88
12|89
12|93
12|94
12|97
12|99
13|11
13|19
13|22
13|25
13|31
13|32
13|34
13|35
13|38
13|41
13|45
13|46
13|54
13|66
13|67
13|71
13|72
13|81
13|84
13|88
13|91
13|94
13|98
13|99
19|12
19|21
19|23
19|24
19|25
19|27
19|34
19|42
19|45
19|53
19|55
19|71
19|74
19|75
19|76
19|78
19|82
19|83
19|85
19|86
19|87
19|89
19|91
19|96
21|11
21|12
21|13
21|23
21|24
21|27
21|28
21|36
21|38
21|55
21|63
21|67
21|72
21|75
21|78
21|81
21|82
21|85
21|86
21|89
21|93
21|94
21|97
21|99
22|12
22|19
22|21
22|23
22|24
22|25
22|31
22|34
22|35
22|42
22|45
22|46
22|53
22|55
22|66
22|71
22|74
22|76
22|83
22|86
22|87
22|91
22|96
22|98
23|11
23|12
23|13
23|27
23|28
23|36
23|38
23|41
23|54
23|55
23|63
23|67
23|72
23|75
23|78
23|81
23|82
23|84
23|85
23|89
23|93
23|94
23|97
23|99
24|11
24|12
24|13
24|23
24|27
24|28
24|36
24|38
24|41
24|55
24|63
24|67
24|72
24|75
24|78
24|81
24|82
24|85
24|86
24|89
24|93
24|94
24|97
24|99
25|12
25|21
25|23
25|24
25|27
25|34
25|42
25|45
25|53
25|55
25|63
25|71
25|74
25|75
25|76
25|78
25|82
25|83
25|85
25|86
25|87
25|89
25|91
25|96
27|11
27|13
27|22
27|28
27|32
27|35
27|36
27|38
27|41
27|46
27|54
27|63
27|67
27|72
27|78
27|81
27|84
27|88
27|89
27|93
27|94
27|97
27|98
27|99
28|11
28|13
28|19
28|22
28|25
28|31
28|32
28|35
28|36
28|38
28|41
28|46
28|54
28|66
28|67
28|72
28|81
28|84
28|88
28|93
28|94
28|97
28|98
28|99
31|12
31|19
31|21
31|23
31|24
31|25
31|27
31|34
31|42
31|45
31|53
31|55
31|71
31|74
31|75
31|76
31|82
31|83
31|85
31|86
31|87
31|89
31|91
31|96
32|12
32|19
32|21
32|22
32|23
32|24
32|25
32|31
32|34
32|35
32|42
32|45
32|46
32|53
32|66
32|71
32|74
32|76
32|83
32|86
32|87
32|91
32|96
32|98
34|12
34|21
34|23
34|24
34|27
34|28
34|42
34|45
34|53
34|55
34|63
34|74
34|75
34|76
34|78
34|82
34|83
34|85
34|86
34|87
34|89
34|91
34|93
34|96
35|12
35|19
35|21
35|23
35|24
35|25
35|31
35|34
35|42
35|45
35|46
35|53
35|55
35|66
35|71
35|74
35|75
35|76
35|83
35|86
35|87
35|91
35|96
35|98
36|11
36|13
36|19
36|22
36|25
36|31
36|32
36|34
36|35
36|38
36|41
36|46
36|54
36|66
36|67
36|71
36|72
36|81
36|84
36|88
36|94
36|97
36|98
36|99
38|11
38|19
38|22
38|25
38|31
38|32
38|34
38|35
38|41
38|45
38|46
38|54
38|66
38|67
38|71
38|72
38|74
38|76
38|84
38|88
38|91
38|96
38|98
38|99
41|19
41|21
41|22
41|25
41|31
41|32
41|34
41|35
41|42
41|45
41|46
41|53
41|54
41|66
41|71
41|74
41|76
41|83
41|84
41|87
41|88
41|91
41|96
41|98
42|11
42|12
42|13
42|21
42|23
42|24
42|27
42|28
42|36
42|38
42|53
42|55
42|63
42|75
42|78
42|81
42|82
42|85
42|86
42|87
42|89
42|93
42|94
42|97
45|12
45|21
45|23
45|24
45|27
45|28
45|36
45|42
45|53
45|55
45|63
45|74
45|75
45|76
45|78
45|82
45|83
45|85
45|86
45|87
45|89
45|91
45|93
45|96
46|12
46|19
46|21
46|23
46|24
46|25
46|31
46|34
46|42
46|45
46|53
46|55
46|66
46|71
46|74
46|75
46|76
46|82
46|83
46|86
46|87
46|91
46|96
46|98
53|11
53|12
53|13
53|21
53|23
53|24
53|27
53|28
53|36
53|38
53|55
53|63
53|72
53|75
53|78
53|81
53|82
53|85
53|86
53|89
53|93
53|94
53|97
53|99
54|19
54|21
54|22
54|24
54|25
54|31
54|32
54|34
54|35
54|42
54|45
54|46
54|53
54|66
54|71
54|74
54|76
54|83
54|84
54|87
54|88
54|91
54|96
54|98
55|11
55|13
55|27
55|28
55|32
55|36
55|38
55|41
55|54
55|63
55|67
55|72
55|75
55|78
55|81
55|82
55|84
55|85
55|88
55|89
55|93
55|94
55|97
55|99
63|11
63|13
63|19
63|22
63|28
63|31
63|32
63|35
63|36
63|38
63|41
63|46
63|54
63|66
63|67
63|72
63|81
63|84
63|88
63|93
63|94
63|97
63|98
63|99
66|12
66|19
66|21
66|23
66|24
66|25
66|27
66|31
66|34
66|42
66|45
66|53
66|55
66|71
66|74
66|75
66|76
66|82
66|83
66|85
66|86
66|87
66|91
66|96
67|19
67|22
67|25
67|31
67|32
67|34
67|35
67|41
67|42
67|45
67|46
67|53
67|54
67|66
67|71
67|74
67|76
67|83
67|84
67|87
67|88
67|91
67|96
67|98
71|12
71|21
71|23
71|24
71|27
71|28
71|34
71|42
71|45
71|53
71|55
71|63
71|74
71|75
71|76
71|78
71|82
71|83
71|85
71|86
71|87
71|89
71|91
71|96
72|19
72|22
72|25
72|31
72|32
72|34
72|35
72|41
72|42
72|45
72|46
72|54
72|66
72|67
72|71
72|74
72|76
72|83
72|84
72|87
72|88
72|91
72|96
72|98
74|12
74|13
74|21
74|23
74|24
74|27
74|28
74|36
74|42
74|53
74|55
74|63
74|75
74|76
74|78
74|82
74|83
74|85
74|86
74|87
74|89
74|93
74|96
74|97
75|11
75|13
75|22
75|27
75|28
75|32
75|36
75|38
75|41
75|54
75|63
75|67
75|72
75|78
75|81
75|82
75|84
75|85
75|88
75|89
75|93
75|94
75|97
75|99
76|12
76|13
76|21
76|23
76|24
76|27
76|28
76|36
76|42
76|53
76|55
76|63
76|75
76|78
76|81
76|82
76|83
76|85
76|86
76|87
76|89
76|93
76|94
76|97
78|11
78|13
78|22
78|28
78|31
78|32
78|35
78|36
78|38
78|41
78|46
78|54
78|63
78|66
78|67
78|72
78|81
78|84
78|88
78|93
78|94
78|97
78|98
78|99
81|11
81|19
81|22
81|25
81|31
81|32
81|34
81|35
81|38
81|41
81|45
81|46
81|54
81|66
81|67
81|71
81|72
81|74
81|84
81|88
81|91
81|96
81|98
81|99
82|11
82|13
82|22
82|27
82|28
82|32
82|35
82|36
82|38
82|41
82|54
82|63
82|67
82|72
82|78
82|81
82|84
82|85
82|88
82|89
82|93
82|94
82|97
82|99
83|12
83|13
83|21
83|23
83|24
83|27
83|28
83|36
83|38
83|42
83|53
83|55
83|63
83|75
83|78
83|81
83|82
83|85
83|86
83|87
83|89
83|93
83|94
83|97
84|19
84|21
84|22
84|24
84|25
84|31
84|32
84|34
84|35
84|42
84|45
84|46
84|53
84|66
84|71
84|74
84|76
84|83
84|86
84|87
84|88
84|91
84|96
84|98
85|11
85|13
85|22
85|27
85|28
85|32
85|35
85|36
85|38
85|41
85|46
85|54
85|63
85|67
85|72
85|78
85|81
85|84
85|88
85|89
85|93
85|94
85|97
85|99
86|11
86|12
86|13
86|23
86|27
86|28
86|36
86|38
86|41
86|54
86|55
86|63
86|67
86|72
86|75
86|78
86|81
86|82
86|85
86|89
86|93
86|94
86|97
86|99
87|11
87|12
87|13
87|21
87|23
87|24
87|27
87|28
87|36
87|38
87|53
87|55
87|63
87|75
87|78
87|81
87|82
87|85
87|86
87|89
87|93
87|94
87|97
87|99
88|19
88|21
88|22
88|23
88|24
88|25
88|31
88|32
88|34
88|35
88|42
88|45
88|46
88|53
88|66
88|71
88|74
88|76
88|83
88|86
88|87
88|91
88|96
88|98
89|11
89|13
89|22
89|28
89|32
89|35
89|36
89|38
89|41
89|46
89|54
89|63
89|66
89|67
89|72
89|78
89|81
89|84
89|88
89|93
89|94
89|97
89|98
89|99
91|12
91|21
91|23
91|24
91|27
91|28
91|36
91|42
91|53
91|55
91|63
91|74
91|75
91|76
91|78
91|82
91|83
91|85
91|86
91|87
91|89
91|93
91|96
91|97
93|11
93|13
93|19
93|22
93|25
93|31
93|32
93|35
93|36
93|38
93|41
93|46
93|54
93|66
93|67
93|71
93|72
93|81
93|84
93|88
93|94
93|97
93|98
93|99
94|11
94|19
94|22
94|25
94|31
94|32
94|34
94|35
94|38
94|41
94|45
94|46
94|54
94|66
94|67
94|71
94|72
94|74
94|81
94|84
94|88
94|91
94|98
94|99
96|12
96|13
96|21
96|23
96|24
96|27
96|28
96|36
96|42
96|53
96|55
96|63
96|75
96|76
96|78
96|82
96|83
96|85
96|86
96|87
96|89
96|93
96|94
96|97
97|11
97|13
97|19
97|22
97|25
97|31
97|32
97|34
97|35
97|38
97|41
97|45
97|46
97|54
97|66
97|67
97|71
97|72
97|81
97|84
97|88
97|94
97|98
97|99
98|12
98|19
98|21
98|23
98|24
98|25
98|31
98|34
98|42
98|45
98|53
98|55
98|66
98|71
98|74
98|75
98|76
98|82
98|83
98|85
98|86
98|87
98|91
98|96
99|19
99|22
99|25
99|31
99|32
99|34
99|35
99|41
99|42
99|45
99|46
99|54
99|66
99|67
99|71
99|72
99|74
99|76
99|83
99|84
99|88
99|91
99|96
99|98
